Create a new declaration file? (y or n)?

MLE as parameterized for numerical optimization 
Coefficients:
   -0.0097116045     0.0088283853      0.013686534     0.0046265950     0.0070829621     0.0095878357    0.00076206623      0.012495529     0.0017111196     0.0064894697      -0.10450171       0.77513879      -0.10592527       -5.3537827      -0.20047793       -4.0037379      -0.67277377       -6.1878827       0.83431312       -1.1520806 

sigw:
   -0.0097116045 
    0.0088283853 
     0.013686534 
    0.0046265950 
    0.0070829621 

mua:
    0.0095878357 
   0.00076206623 
     0.012495529 
    0.0017111196 
    0.0064894697 

mub:     -0.10450171 

phi:      0.77513879 

sigv:     -0.10592527 

jota1:
      -5.3537827 
     -0.20047793 
      -4.0037379 
     -0.67277377 
      -6.1878827 

jotacom:
      0.83431312 
      -1.1520806 

Value of log likelihood:       1054.7285 

Gradient vector:
   -0.0038065169   -0.00076130337     -0.027255889     -0.043394292     -0.032736045      0.030452135    -0.0022839101    -0.0018277818      0.016748674     0.0030452135    0.00080135886    -0.0042134280    -0.0074027898    0.00025311450   -0.00056961635    5.1340002e-05    -0.0011655366    0.00020300168   -3.6499648e-05   -0.00020485029 
For vector of coefficients parameterized as follows,
   -0.0097116045     0.0088283853      0.013686534     0.0046265950     0.0070829621     0.0095878357    0.00076206623      0.012495529     0.0017111196     0.0064894697      -0.10450171       0.77513879      -0.10592527       -5.3537827      -0.20047793       -4.0037379      -0.67277377       -6.1878827       0.83431312       -1.1520806 
the standard errors are
    0.0011255979     0.0010634814     0.0015698954    0.00063190849    0.00088246094     0.0023271050     0.0016674422     0.0027439465    0.00095792627     0.0014330623      0.044672446      0.054889095      0.016851374        3.2270623       0.55955809        1.1928646        1.6998499        2.3891932       0.61855569       0.88338398 
and the variance-covariance matrix is

Row 1
   1.2669707e-06   -3.6589504e-08   -6.6423273e-08   -2.9732743e-08   -3.8059048e-08   -1.0346143e-07   -1.3975821e-08    1.3284753e-07    2.1361086e-09    1.6765986e-08   -4.7838283e-07   -5.8611996e-06   -2.9587550e-06   -0.00021355328   -2.9024169e-05   -9.5367598e-05   -1.4962165e-05   -0.00013611572   -7.5718328e-05   -5.7425226e-06 
Row 2
  -3.6589504e-08    1.1309928e-06    9.7264060e-08    4.9527307e-08    5.3802972e-08    4.5846574e-08    3.1234388e-07   -1.7397483e-07    8.6620683e-09   -2.9113484e-09   -1.6136704e-06   -5.1666301e-07    3.6794150e-06    3.5715339e-05    8.2931934e-05    3.7185879e-05    5.2621419e-05    0.00010168837    3.9253505e-05    1.9325723e-05 
Row 3
  -6.6423273e-08    9.7264060e-08    2.4645715e-06    8.2417013e-08    9.0882796e-08    9.3577639e-09    9.3707567e-08   -1.1253947e-06   -2.9012359e-09   -3.3203204e-08    5.7131203e-06    8.0003346e-07    6.5900064e-06   -0.00012212871    1.7116316e-05    0.00019936958   -1.5189646e-05    7.1634082e-05    9.4313126e-05   -1.8128559e-05 
Row 4
  -2.9732743e-08    4.9527307e-08    8.2417013e-08    3.9930834e-07    4.5896557e-08    1.1950603e-08    6.2327521e-08   -1.5659931e-07   -1.3649953e-09    1.4183140e-09    1.4327902e-06   -3.2640904e-07    3.2912421e-06   -2.5318695e-05    8.2531659e-06    3.3639682e-05    0.00011330483   -1.3136106e-05    2.7485334e-05    0.00011121042 
Row 5
  -3.8059048e-08    5.3802972e-08    9.0882796e-08    4.5896557e-08    7.7873730e-07    2.7316614e-08    5.9720798e-08   -1.7105555e-07    8.6186405e-10   -4.5045522e-08   -2.0871322e-07    2.7486328e-06    3.7592778e-06    8.2875899e-05    2.8293565e-05    7.7677338e-05    4.2006885e-05    0.00035419141    2.7905072e-05    1.6309265e-05 
Row 6
  -1.0346143e-07    4.5846574e-08    9.3577639e-09    1.1950603e-08    2.7316614e-08    5.4154175e-06    1.3444370e-07    6.0982375e-08    2.8396403e-08    2.6674931e-08   -1.6928990e-05   -4.8784709e-06    1.0170353e-06    -0.0022798820    4.8546924e-05    2.8064336e-05    0.00026822759    0.00032739877    2.8597321e-05   -5.4802690e-05 
Row 7
  -1.3975821e-08    3.1234388e-07    9.3707567e-08    6.2327521e-08    5.9720798e-08    1.3444370e-07    2.7803634e-06   -1.1112822e-07    2.2637008e-08    2.7175161e-08   -1.1619541e-05   -1.4186942e-05    3.0597973e-06    4.0443747e-05   -3.9921057e-05   -8.1706503e-05    0.00025314532    0.00012250041   -3.2105404e-05    1.9387901e-05 
Row 8
   1.3284753e-07   -1.7397483e-07   -1.1253947e-06   -1.5659931e-07   -1.7105555e-07    6.0982375e-08   -1.1112822e-07    7.5292424e-06    2.2615018e-08    8.2908324e-08   -1.9998798e-05   -6.0211841e-06   -1.2943232e-05    0.00038739660   -1.6425731e-05   -0.00099724775    0.00015473007   -1.8297334e-05   -0.00020989103    3.6698517e-05 
Row 9
   2.1361086e-09    8.6620683e-09   -2.9012359e-09   -1.3649953e-09    8.6186405e-10    2.8396403e-08    2.2637008e-08    2.2615018e-08    9.1762274e-07    2.9167325e-09   -3.2379609e-06   -2.9159094e-06   -2.9201255e-07    2.0052689e-05    1.4964144e-05   -2.5864917e-05   -0.00044798503    3.8604724e-05   -2.6707286e-07   -1.5618111e-05 
Row 10
   1.6765986e-08   -2.9113484e-09   -3.3203204e-08    1.4183140e-09   -4.5045522e-08    2.6674931e-08    2.7175161e-08    8.2908324e-08    2.9167325e-09    2.0536677e-06   -3.4440091e-06   -6.2113007e-06   -1.3174902e-06   -5.0322440e-05   -2.3896764e-06   -6.6426712e-05    7.0624747e-05    -0.0010749807   -1.2271390e-05    7.8759222e-05 
Row 11
  -4.7838283e-07   -1.6136704e-06    5.7131203e-06    1.4327902e-06   -2.0871322e-07   -1.6928990e-05   -1.1619541e-05   -1.9998798e-05   -3.2379609e-06   -3.4440091e-06     0.0019956275    0.00042200519    8.0892934e-05     -0.041539838    -0.0053318133    -0.0044005673     -0.028188906     -0.035706398     0.0036447679     0.0065420820 
Row 12
  -5.8611996e-06   -5.1666301e-07    8.0003346e-07   -3.2640904e-07    2.7486328e-06   -4.8784709e-06   -1.4186942e-05   -6.0211841e-06   -2.9159094e-06   -6.2113007e-06    0.00042200519     0.0030128128    0.00035746264      0.055572943     0.0091600455      0.041526162    -0.0045811540      0.041087811     0.0026796359    -0.0039442058 
Row 13
  -2.9587550e-06    3.6794150e-06    6.5900064e-06    3.2912421e-06    3.7592778e-06    1.0170353e-06    3.0597973e-06   -1.2943232e-05   -2.9201255e-07   -1.3174902e-06    8.0892934e-05    0.00035746264    0.00028396880     0.0069716772     0.0022140452     0.0073496986     0.0021015464     0.0092358644     0.0022236943     0.0014267663 
Row 14
  -0.00021355328    3.5715339e-05   -0.00012212871   -2.5318695e-05    8.2875899e-05    -0.0022798820    4.0443747e-05    0.00038739660    2.0052689e-05   -5.0322440e-05     -0.041539838      0.055572943     0.0069716772        10.413931       0.34006026        1.0830294       0.61841610        1.8216713      -0.24423404      -0.22520888 
Row 15
  -2.9024169e-05    8.2931934e-05    1.7116316e-05    8.2531659e-06    2.8293565e-05    4.8546924e-05   -3.9921057e-05   -1.6425731e-05    1.4964144e-05   -2.3896764e-06    -0.0053318133     0.0091600455     0.0022140452       0.34006026       0.31310525       0.17273591      0.037619452       0.27775030    -0.0034984111     -0.032490827 
Row 16
  -9.5367598e-05    3.7185879e-05    0.00019936958    3.3639682e-05    7.7677338e-05    2.8064336e-05   -8.1706503e-05   -0.00099724775   -2.5864917e-05   -6.6426712e-05    -0.0044005673      0.041526162     0.0073496986        1.0830294       0.17273591        1.4229260       0.12242442       0.78601067     -0.035712823      0.021661023 
Row 17
  -1.4962165e-05    5.2621419e-05   -1.5189646e-05    0.00011330483    4.2006885e-05    0.00026822759    0.00025314532    0.00015473007   -0.00044798503    7.0624747e-05     -0.028188906    -0.0045811540     0.0021015464       0.61841610      0.037619452       0.12242442        2.8894898       0.51910247     -0.053266321     -0.028935959 
Row 18
  -0.00013611572    0.00010168837    7.1634082e-05   -1.3136106e-05    0.00035419141    0.00032739877    0.00012250041   -1.8297334e-05    3.8604724e-05    -0.0010749807     -0.035706398      0.041087811     0.0092358644        1.8216713       0.27775030       0.78601067       0.51910247        5.7082443   -0.00016974587      -0.57280484 
Row 19
  -7.5718328e-05    3.9253505e-05    9.4313126e-05    2.7485334e-05    2.7905072e-05    2.8597321e-05   -3.2105404e-05   -0.00020989103   -2.6707286e-07   -1.2271390e-05     0.0036447679     0.0026796359     0.0022236943      -0.24423404    -0.0034984111     -0.035712823     -0.053266321   -0.00016974587       0.38261114      0.027851708 
Row 20
  -5.7425226e-06    1.9325723e-05   -1.8128559e-05    0.00011121042    1.6309265e-05   -5.4802690e-05    1.9387901e-05    3.6698517e-05   -1.5618111e-05    7.8759222e-05     0.0065420820    -0.0039442058     0.0014267663      -0.22520888     -0.032490827      0.021661023     -0.028935959      -0.57280484      0.027851708       0.78036726 

-------------------------------

The Kalman filter inferences are

       1964.0000     -0.060554044      0.054870284      0.010279357       0.10861271     0.0099032111 
       1965.0000      -0.34694624      0.083186077     -0.093730412       0.20913521     -0.024026775 
       1966.0000      -0.29367533      0.092621500     -0.092692260       0.14303435     -0.056391604 
       1967.0000      -0.12623001      0.084422090     -0.054325355      0.039970862     -0.026257439 
       1968.0000     -0.014087204      0.088471894     -0.035796720      0.096741943     -0.022590980 
       1969.0000     -0.043315917      0.064838584     -0.049506984      0.077583160     -0.069731219 
       1970.0000     -0.041090768      0.021841614     -0.042294194      0.049023515     0.0050820572 
       1971.0000      -0.11426329     -0.030201057      0.014877815      0.037409324     0.0029238934 
       1972.0000     -0.013875397     -0.015343102     -0.040266147       0.19778171      0.022287835 
       1973.0000     -0.062122021      0.046204917     -0.039096124      0.078579971     0.0083576209 
       1974.0000      -0.10526235      0.056815234     -0.027839428     -0.058724149     -0.041270762 
       1975.0000      0.069760718      0.012698794     0.0030625045     -0.027980535      -0.15021995 
       1976.0000      0.076720384      0.075890972      0.034200334       0.15837898      0.069823113 
       1977.0000     -0.044918696      0.054979730      0.026720486      0.074592602      0.058498675 
       1978.0000     -0.087335825      0.064619647      0.037801252      0.082074618     0.0037246773 
       1979.0000      -0.15969672      0.089518229      0.045118938       0.13264502     -0.040204898 
       1980.0000      -0.15479521      0.050451136      0.081941405      0.049952660      -0.11213851 
       1981.0000      0.032003689     -0.028911169      0.038648696      0.070938647      -0.12152300 
       1982.0000      0.069171821     -0.094063802     -0.048640368      0.089678469     -0.098798939 
       1983.0000      0.036022483      -0.10672267      -0.24694162      0.010742161     -0.028538839 
       1984.0000      0.080844016     -0.063187681      -0.22552227      0.089810774     -0.074448847 
       1985.0000      0.090167519     -0.024305365      -0.26407789      0.084059873      -0.15437951 
       1986.0000    -0.0078287889     -0.024880781      -0.33153825       0.15512496      -0.24761754 
       1987.0000     -0.095185202     -0.018181157      -0.15685944       0.18484955      -0.23097499 
       1988.0000      -0.10487699      0.013836904      -0.25779797       0.10560202      -0.27374718 
       1989.0000      -0.18536933      0.062136393      -0.33696570      0.057160442      -0.14012077 
       1990.0000      -0.16700750      0.043414314      -0.29143289     -0.055476004     -0.065806809 
       1991.0000     -0.095405003      0.069294185      -0.22698079     -0.071763718      -0.11457418 
       1992.0000     -0.090573173      0.094563206      -0.15624483     -0.033305169     -0.056417272 
       1993.0000      -0.10784902      0.018516593      -0.15995025      -0.10571118     -0.039347880 
       1994.0000      -0.21555296      0.017234804      -0.21275734      0.084103366      0.062121415 
       1995.0000      -0.20642277      0.061768874      -0.38662282       0.10500775     -0.037884446 
       1996.0000      -0.11619685      0.081554211      -0.49735545      0.077549289      -0.11853907 
       1997.0000      -0.14713020       0.10774159      -0.56767998      0.048345258      -0.19003168 
       1998.0000      -0.18737805       0.16274715      -0.58056572      0.040569396      -0.32094900 
       1999.0000      -0.17364012       0.16784471      -0.58485199     -0.051394821      -0.23397679 
       2000.0000      -0.14154173      0.058549578      -0.46479776      -0.11240565      -0.18190266 
       2001.0000      -0.12464684      0.016059621      -0.45908734      -0.20627048      -0.15106801 
       2002.0000     -0.070294771     0.0049887602      -0.31628984      -0.15917221     -0.079992521 
       2003.0000     -0.087411935    -0.0057420017      -0.24042075      -0.11059700     -0.070425073 
       2004.0000     -0.091664649      0.097023823      -0.21448615      -0.16453802     -0.079621243 
       2005.0000     -0.067467957      0.060714920      -0.24742496      -0.16449100      -0.11124840 
       2006.0000     -0.057204166     -0.036392114      -0.22025371      -0.22023519      -0.13731389 
       2007.0000     -0.047716217     -0.010579155      -0.18923582      -0.23732279      -0.10595631 
       2008.0000     -0.048129899     -0.020926874      -0.11861976      -0.19434330      -0.10678662 
       2009.0000      -0.36928869      -0.13423231      -0.26347715     -0.079957475      -0.13420636 
       2010.0000      -0.31545119      -0.27059400      -0.23209400      0.049759989     0.0034789434 
       2011.0000      -0.29279755      -0.33104847      -0.29771334     -0.047457910      -0.11964126 
       2012.0000      -0.33533662      -0.54459251      -0.44474902      -0.30276913      -0.25848927 
       2013.0000      -0.42827936      -0.48630560      -0.61648495      -0.29225306      -0.34772146 
       2014.0000      -0.28170101      -0.37982019      -0.85439648      -0.25606461      -0.60917224 
       2015.0000     -0.036576400      -0.26990562      -0.93339290      -0.29397813      -0.67400573 
       2016.0000      0.028739537      -0.21576412      -0.95818091      -0.24162330      -0.64880086 
       2017.0000      -0.17907023      -0.26210503      -0.91522382      -0.22858160      -0.59587198 
       2018.0000      -0.10366942      -0.29059595      -0.82172956      -0.23528798      -0.55727057 
       2019.0000      -0.12937591      -0.31359857      -0.69038084      -0.20149954      -0.42132448 
       2020.0000     -0.097276350      0.087935786      -0.13567051       0.17667901     0.0086412414 


The Kalman filter variances are

       1964.0000      0.020207813        0.0000000        0.0000000        0.0000000        0.0000000        0.0000000     0.0071932668        0.0000000        0.0000000        0.0000000        0.0000000        0.0000000      0.018280692        0.0000000        0.0000000        0.0000000        0.0000000        0.0000000     0.0094278116        0.0000000        0.0000000        0.0000000        0.0000000        0.0000000     0.0090943070 
       1965.0000      0.021337612        0.0000000        0.0000000        0.0000000        0.0000000        0.0000000     0.0050860271        0.0000000        0.0000000        0.0000000        0.0000000        0.0000000      0.015451181        0.0000000        0.0000000        0.0000000        0.0000000        0.0000000     0.0064977983        0.0000000        0.0000000        0.0000000        0.0000000        0.0000000     0.0045401670 
       1966.0000      0.023680721        0.0000000        0.0000000        0.0000000        0.0000000        0.0000000     0.0082157217        0.0000000        0.0000000        0.0000000        0.0000000        0.0000000      0.013360383        0.0000000        0.0000000        0.0000000        0.0000000        0.0000000     0.0038242710        0.0000000        0.0000000        0.0000000        0.0000000        0.0000000     0.0090447870 
       1967.0000      0.013764326        0.0000000        0.0000000        0.0000000        0.0000000        0.0000000     0.0099175294        0.0000000        0.0000000        0.0000000        0.0000000        0.0000000      0.016231002        0.0000000        0.0000000        0.0000000        0.0000000        0.0000000     0.0030099669        0.0000000        0.0000000        0.0000000        0.0000000        0.0000000      0.010836228 
       1968.0000     0.0083533079        0.0000000        0.0000000        0.0000000        0.0000000        0.0000000     0.0083201646        0.0000000        0.0000000        0.0000000        0.0000000        0.0000000      0.014381521        0.0000000        0.0000000        0.0000000        0.0000000        0.0000000     0.0032296084        0.0000000        0.0000000        0.0000000        0.0000000        0.0000000     0.0096651373 
       1969.0000      0.010614125        0.0000000        0.0000000        0.0000000        0.0000000        0.0000000     0.0046408173        0.0000000        0.0000000        0.0000000        0.0000000        0.0000000      0.011240852        0.0000000        0.0000000        0.0000000        0.0000000        0.0000000     0.0037534025        0.0000000        0.0000000        0.0000000        0.0000000        0.0000000      0.013975124 
       1970.0000      0.015327927        0.0000000        0.0000000        0.0000000        0.0000000        0.0000000     0.0060270522        0.0000000        0.0000000        0.0000000        0.0000000        0.0000000      0.015392749        0.0000000        0.0000000        0.0000000        0.0000000        0.0000000     0.0042566905        0.0000000        0.0000000        0.0000000        0.0000000        0.0000000     0.0054653155 
       1971.0000      0.016456324        0.0000000        0.0000000        0.0000000        0.0000000        0.0000000     0.0071960961        0.0000000        0.0000000        0.0000000        0.0000000        0.0000000      0.016719045        0.0000000        0.0000000        0.0000000        0.0000000        0.0000000      0.011834760        0.0000000        0.0000000        0.0000000        0.0000000        0.0000000     0.0037463801 
       1972.0000      0.011077801        0.0000000        0.0000000        0.0000000        0.0000000        0.0000000     0.0053613004        0.0000000        0.0000000        0.0000000        0.0000000        0.0000000      0.012529558        0.0000000        0.0000000        0.0000000        0.0000000        0.0000000     0.0092999869        0.0000000        0.0000000        0.0000000        0.0000000        0.0000000     0.0037675533 
       1973.0000      0.013102589        0.0000000        0.0000000        0.0000000        0.0000000        0.0000000     0.0068749158        0.0000000        0.0000000        0.0000000        0.0000000        0.0000000      0.011994667        0.0000000        0.0000000        0.0000000        0.0000000        0.0000000     0.0038818897        0.0000000        0.0000000        0.0000000        0.0000000        0.0000000     0.0082777504 
       1974.0000      0.014068649        0.0000000        0.0000000        0.0000000        0.0000000        0.0000000     0.0082335130        0.0000000        0.0000000        0.0000000        0.0000000        0.0000000      0.014241891        0.0000000        0.0000000        0.0000000        0.0000000        0.0000000     0.0053477635        0.0000000        0.0000000        0.0000000        0.0000000        0.0000000      0.012783268 
       1975.0000      0.012059801        0.0000000        0.0000000        0.0000000        0.0000000        0.0000000     0.0090387992        0.0000000        0.0000000        0.0000000        0.0000000        0.0000000      0.019714244        0.0000000        0.0000000        0.0000000        0.0000000        0.0000000      0.010281517        0.0000000        0.0000000        0.0000000        0.0000000        0.0000000     0.0092465117 
       1976.0000      0.017736741        0.0000000        0.0000000        0.0000000        0.0000000        0.0000000     0.0085343867        0.0000000        0.0000000        0.0000000        0.0000000        0.0000000      0.020426109        0.0000000        0.0000000        0.0000000        0.0000000        0.0000000     0.0039761678        0.0000000        0.0000000        0.0000000        0.0000000        0.0000000      0.014346261 
       1977.0000     0.0090212928        0.0000000        0.0000000        0.0000000        0.0000000        0.0000000      0.013919579        0.0000000        0.0000000        0.0000000        0.0000000        0.0000000      0.021379355        0.0000000        0.0000000        0.0000000        0.0000000        0.0000000      0.010478451        0.0000000        0.0000000        0.0000000        0.0000000        0.0000000     0.0082832325 
       1978.0000     0.0090978033        0.0000000        0.0000000        0.0000000        0.0000000        0.0000000     0.0087470198        0.0000000        0.0000000        0.0000000        0.0000000        0.0000000      0.023427428        0.0000000        0.0000000        0.0000000        0.0000000        0.0000000      0.010509253        0.0000000        0.0000000        0.0000000        0.0000000        0.0000000     0.0075208495 
       1979.0000      0.014317221        0.0000000        0.0000000        0.0000000        0.0000000        0.0000000      0.013512098        0.0000000        0.0000000        0.0000000        0.0000000        0.0000000      0.025295735        0.0000000        0.0000000        0.0000000        0.0000000        0.0000000     0.0051585597        0.0000000        0.0000000        0.0000000        0.0000000        0.0000000     0.0064218256 
       1980.0000      0.016726610        0.0000000        0.0000000        0.0000000        0.0000000        0.0000000      0.019121354        0.0000000        0.0000000        0.0000000        0.0000000        0.0000000      0.025809122        0.0000000        0.0000000        0.0000000        0.0000000        0.0000000     0.0088343240        0.0000000        0.0000000        0.0000000        0.0000000        0.0000000     0.0090150106 
       1981.0000      0.017157619        0.0000000        0.0000000        0.0000000        0.0000000        0.0000000      0.021157011        0.0000000        0.0000000        0.0000000        0.0000000        0.0000000      0.026719766        0.0000000        0.0000000        0.0000000        0.0000000        0.0000000      0.016144936        0.0000000        0.0000000        0.0000000        0.0000000        0.0000000      0.014569201 
       1982.0000      0.019318647        0.0000000        0.0000000        0.0000000        0.0000000        0.0000000      0.022999789        0.0000000        0.0000000        0.0000000        0.0000000        0.0000000      0.026677442        0.0000000        0.0000000        0.0000000        0.0000000        0.0000000      0.020869862        0.0000000        0.0000000        0.0000000        0.0000000        0.0000000      0.016912469 
       1983.0000      0.022752319        0.0000000        0.0000000        0.0000000        0.0000000        0.0000000      0.024127788        0.0000000        0.0000000        0.0000000        0.0000000        0.0000000      0.026082790        0.0000000        0.0000000        0.0000000        0.0000000        0.0000000      0.021700605        0.0000000        0.0000000        0.0000000        0.0000000        0.0000000      0.020423410 
       1984.0000      0.016604401        0.0000000        0.0000000        0.0000000        0.0000000        0.0000000      0.022706183        0.0000000        0.0000000        0.0000000        0.0000000        0.0000000      0.025745078        0.0000000        0.0000000        0.0000000        0.0000000        0.0000000      0.012138765        0.0000000        0.0000000        0.0000000        0.0000000        0.0000000      0.022339571 
       1985.0000      0.017690534        0.0000000        0.0000000        0.0000000        0.0000000        0.0000000      0.020763316        0.0000000        0.0000000        0.0000000        0.0000000        0.0000000      0.024825801        0.0000000        0.0000000        0.0000000        0.0000000        0.0000000      0.011724763        0.0000000        0.0000000        0.0000000        0.0000000        0.0000000      0.021981603 
       1986.0000      0.021789734        0.0000000        0.0000000        0.0000000        0.0000000        0.0000000      0.023502486        0.0000000        0.0000000        0.0000000        0.0000000        0.0000000      0.022850082        0.0000000        0.0000000        0.0000000        0.0000000        0.0000000      0.011368955        0.0000000        0.0000000        0.0000000        0.0000000        0.0000000      0.016067500 
       1987.0000      0.015907838        0.0000000        0.0000000        0.0000000        0.0000000        0.0000000      0.021558595        0.0000000        0.0000000        0.0000000        0.0000000        0.0000000      0.017987851        0.0000000        0.0000000        0.0000000        0.0000000        0.0000000      0.010190016        0.0000000        0.0000000        0.0000000        0.0000000        0.0000000     0.0064144749 
       1988.0000      0.015015166        0.0000000        0.0000000        0.0000000        0.0000000        0.0000000      0.015544280        0.0000000        0.0000000        0.0000000        0.0000000        0.0000000      0.017073665        0.0000000        0.0000000        0.0000000        0.0000000        0.0000000     0.0076647224        0.0000000        0.0000000        0.0000000        0.0000000        0.0000000     0.0083379665 
       1989.0000      0.011255149        0.0000000        0.0000000        0.0000000        0.0000000        0.0000000      0.015084591        0.0000000        0.0000000        0.0000000        0.0000000        0.0000000      0.017113209        0.0000000        0.0000000        0.0000000        0.0000000        0.0000000     0.0090066562        0.0000000        0.0000000        0.0000000        0.0000000        0.0000000     0.0069342259 
       1990.0000     0.0089526293        0.0000000        0.0000000        0.0000000        0.0000000        0.0000000      0.020283590        0.0000000        0.0000000        0.0000000        0.0000000        0.0000000      0.018548364        0.0000000        0.0000000        0.0000000        0.0000000        0.0000000      0.012787655        0.0000000        0.0000000        0.0000000        0.0000000        0.0000000     0.0055511451 
       1991.0000      0.015600340        0.0000000        0.0000000        0.0000000        0.0000000        0.0000000      0.018335943        0.0000000        0.0000000        0.0000000        0.0000000        0.0000000      0.020798940        0.0000000        0.0000000        0.0000000        0.0000000        0.0000000      0.016020342        0.0000000        0.0000000        0.0000000        0.0000000        0.0000000      0.011006640 
       1992.0000      0.016602236        0.0000000        0.0000000        0.0000000        0.0000000        0.0000000      0.021890942        0.0000000        0.0000000        0.0000000        0.0000000        0.0000000      0.023465434        0.0000000        0.0000000        0.0000000        0.0000000        0.0000000      0.019834630        0.0000000        0.0000000        0.0000000        0.0000000        0.0000000      0.013332557 
       1993.0000      0.018203088        0.0000000        0.0000000        0.0000000        0.0000000        0.0000000      0.022500071        0.0000000        0.0000000        0.0000000        0.0000000        0.0000000      0.024955949        0.0000000        0.0000000        0.0000000        0.0000000        0.0000000      0.021489601        0.0000000        0.0000000        0.0000000        0.0000000        0.0000000      0.018850903 
       1994.0000      0.012834720        0.0000000        0.0000000        0.0000000        0.0000000        0.0000000      0.022030370        0.0000000        0.0000000        0.0000000        0.0000000        0.0000000      0.024331039        0.0000000        0.0000000        0.0000000        0.0000000        0.0000000      0.016348845        0.0000000        0.0000000        0.0000000        0.0000000        0.0000000      0.020433702 
       1995.0000     0.0068257844        0.0000000        0.0000000        0.0000000        0.0000000        0.0000000      0.021578165        0.0000000        0.0000000        0.0000000        0.0000000        0.0000000      0.023449952        0.0000000        0.0000000        0.0000000        0.0000000        0.0000000      0.012452107        0.0000000        0.0000000        0.0000000        0.0000000        0.0000000      0.018935562 
       1996.0000     0.0084510262        0.0000000        0.0000000        0.0000000        0.0000000        0.0000000      0.019301598        0.0000000        0.0000000        0.0000000        0.0000000        0.0000000      0.023143188        0.0000000        0.0000000        0.0000000        0.0000000        0.0000000      0.016447150        0.0000000        0.0000000        0.0000000        0.0000000        0.0000000      0.014728908 
       1997.0000     0.0056492321        0.0000000        0.0000000        0.0000000        0.0000000        0.0000000      0.014608405        0.0000000        0.0000000        0.0000000        0.0000000        0.0000000      0.021346667        0.0000000        0.0000000        0.0000000        0.0000000        0.0000000      0.015931588        0.0000000        0.0000000        0.0000000        0.0000000        0.0000000      0.011521106 
       1998.0000     0.0070128115        0.0000000        0.0000000        0.0000000        0.0000000        0.0000000      0.014621823        0.0000000        0.0000000        0.0000000        0.0000000        0.0000000      0.019433118        0.0000000        0.0000000        0.0000000        0.0000000        0.0000000      0.015836968        0.0000000        0.0000000        0.0000000        0.0000000        0.0000000      0.010109735 
       1999.0000     0.0058276487        0.0000000        0.0000000        0.0000000        0.0000000        0.0000000      0.016093958        0.0000000        0.0000000        0.0000000        0.0000000        0.0000000      0.018534643        0.0000000        0.0000000        0.0000000        0.0000000        0.0000000      0.016560532        0.0000000        0.0000000        0.0000000        0.0000000        0.0000000      0.011497371 
       2000.0000     0.0065170174        0.0000000        0.0000000        0.0000000        0.0000000        0.0000000      0.015029470        0.0000000        0.0000000        0.0000000        0.0000000        0.0000000      0.017026403        0.0000000        0.0000000        0.0000000        0.0000000        0.0000000     0.0089426980        0.0000000        0.0000000        0.0000000        0.0000000        0.0000000      0.012039799 
       2001.0000      0.010590792        0.0000000        0.0000000        0.0000000        0.0000000        0.0000000      0.014210165        0.0000000        0.0000000        0.0000000        0.0000000        0.0000000      0.018331108        0.0000000        0.0000000        0.0000000        0.0000000        0.0000000      0.012867534        0.0000000        0.0000000        0.0000000        0.0000000        0.0000000      0.016226498 
       2002.0000      0.010900961        0.0000000        0.0000000        0.0000000        0.0000000        0.0000000      0.014388897        0.0000000        0.0000000        0.0000000        0.0000000        0.0000000      0.020475982        0.0000000        0.0000000        0.0000000        0.0000000        0.0000000      0.018844101        0.0000000        0.0000000        0.0000000        0.0000000        0.0000000      0.020443449 
       2003.0000      0.015250150        0.0000000        0.0000000        0.0000000        0.0000000        0.0000000      0.010976575        0.0000000        0.0000000        0.0000000        0.0000000        0.0000000      0.021217094        0.0000000        0.0000000        0.0000000        0.0000000        0.0000000      0.022495138        0.0000000        0.0000000        0.0000000        0.0000000        0.0000000      0.022542782 
       2004.0000      0.010607969        0.0000000        0.0000000        0.0000000        0.0000000        0.0000000      0.011385568        0.0000000        0.0000000        0.0000000        0.0000000        0.0000000      0.021374336        0.0000000        0.0000000        0.0000000        0.0000000        0.0000000      0.020124514        0.0000000        0.0000000        0.0000000        0.0000000        0.0000000      0.021390080 
       2005.0000      0.011111387        0.0000000        0.0000000        0.0000000        0.0000000        0.0000000      0.017915116        0.0000000        0.0000000        0.0000000        0.0000000        0.0000000      0.020657220        0.0000000        0.0000000        0.0000000        0.0000000        0.0000000      0.021740015        0.0000000        0.0000000        0.0000000        0.0000000        0.0000000      0.023402583 
       2006.0000      0.012315781        0.0000000        0.0000000        0.0000000        0.0000000        0.0000000      0.011891054        0.0000000        0.0000000        0.0000000        0.0000000        0.0000000      0.019629241        0.0000000        0.0000000        0.0000000        0.0000000        0.0000000      0.017864131        0.0000000        0.0000000        0.0000000        0.0000000        0.0000000      0.022453652 
       2007.0000      0.012225367        0.0000000        0.0000000        0.0000000        0.0000000        0.0000000      0.014760397        0.0000000        0.0000000        0.0000000        0.0000000        0.0000000      0.019942114        0.0000000        0.0000000        0.0000000        0.0000000        0.0000000      0.017944506        0.0000000        0.0000000        0.0000000        0.0000000        0.0000000      0.018858381 
       2008.0000      0.013217551        0.0000000        0.0000000        0.0000000        0.0000000        0.0000000      0.020031195        0.0000000        0.0000000        0.0000000        0.0000000        0.0000000      0.022977589        0.0000000        0.0000000        0.0000000        0.0000000        0.0000000      0.020067529        0.0000000        0.0000000        0.0000000        0.0000000        0.0000000      0.022450292 
       2009.0000      0.012405285        0.0000000        0.0000000        0.0000000        0.0000000        0.0000000      0.014732387        0.0000000        0.0000000        0.0000000        0.0000000        0.0000000      0.020902304        0.0000000        0.0000000        0.0000000        0.0000000        0.0000000     0.0055394565        0.0000000        0.0000000        0.0000000        0.0000000        0.0000000      0.016406618 
       2010.0000      0.017599481        0.0000000        0.0000000        0.0000000        0.0000000        0.0000000      0.011071935        0.0000000        0.0000000        0.0000000        0.0000000        0.0000000      0.023770693        0.0000000        0.0000000        0.0000000        0.0000000        0.0000000      0.012156010        0.0000000        0.0000000        0.0000000        0.0000000        0.0000000      0.018742065 
       2011.0000      0.021627386        0.0000000        0.0000000        0.0000000        0.0000000        0.0000000     0.0049123454        0.0000000        0.0000000        0.0000000        0.0000000        0.0000000      0.025271816        0.0000000        0.0000000        0.0000000        0.0000000        0.0000000      0.017762239        0.0000000        0.0000000        0.0000000        0.0000000        0.0000000      0.019988875 
       2012.0000      0.024207935        0.0000000        0.0000000        0.0000000        0.0000000        0.0000000     0.0071860498        0.0000000        0.0000000        0.0000000        0.0000000        0.0000000      0.023419861        0.0000000        0.0000000        0.0000000        0.0000000        0.0000000      0.011308090        0.0000000        0.0000000        0.0000000        0.0000000        0.0000000      0.012911165 
       2013.0000      0.024711526        0.0000000        0.0000000        0.0000000        0.0000000        0.0000000      0.013427744        0.0000000        0.0000000        0.0000000        0.0000000        0.0000000      0.024598133        0.0000000        0.0000000        0.0000000        0.0000000        0.0000000      0.013939759        0.0000000        0.0000000        0.0000000        0.0000000        0.0000000      0.018402389 
       2014.0000     0.0089956541        0.0000000        0.0000000        0.0000000        0.0000000        0.0000000      0.019069206        0.0000000        0.0000000        0.0000000        0.0000000        0.0000000      0.025332314        0.0000000        0.0000000        0.0000000        0.0000000        0.0000000      0.019595729        0.0000000        0.0000000        0.0000000        0.0000000        0.0000000      0.021749245 
       2015.0000     0.0016797629        0.0000000        0.0000000        0.0000000        0.0000000        0.0000000      0.022574333        0.0000000        0.0000000        0.0000000        0.0000000        0.0000000      0.022035703        0.0000000        0.0000000        0.0000000        0.0000000        0.0000000      0.021596234        0.0000000        0.0000000        0.0000000        0.0000000        0.0000000      0.021004926 
       2016.0000      0.011649931        0.0000000        0.0000000        0.0000000        0.0000000        0.0000000      0.024578540        0.0000000        0.0000000        0.0000000        0.0000000        0.0000000      0.021904092        0.0000000        0.0000000        0.0000000        0.0000000        0.0000000      0.020392939        0.0000000        0.0000000        0.0000000        0.0000000        0.0000000      0.020085408 
       2017.0000     0.0073549483        0.0000000        0.0000000        0.0000000        0.0000000        0.0000000      0.024593050        0.0000000        0.0000000        0.0000000        0.0000000        0.0000000      0.021932268        0.0000000        0.0000000        0.0000000        0.0000000        0.0000000      0.018075414        0.0000000        0.0000000        0.0000000        0.0000000        0.0000000      0.014893264 
       2018.0000     0.0074258959        0.0000000        0.0000000        0.0000000        0.0000000        0.0000000      0.024032953        0.0000000        0.0000000        0.0000000        0.0000000        0.0000000      0.022692045        0.0000000        0.0000000        0.0000000        0.0000000        0.0000000      0.020236072        0.0000000        0.0000000        0.0000000        0.0000000        0.0000000      0.015321110 
       2019.0000      0.010529460        0.0000000        0.0000000        0.0000000        0.0000000        0.0000000      0.023152609        0.0000000        0.0000000        0.0000000        0.0000000        0.0000000      0.023686021        0.0000000        0.0000000        0.0000000        0.0000000        0.0000000      0.023174162        0.0000000        0.0000000        0.0000000        0.0000000        0.0000000      0.016468761 
       2020.0000      0.014524327        0.0000000        0.0000000        0.0000000        0.0000000        0.0000000     0.0074462578        0.0000000        0.0000000        0.0000000        0.0000000        0.0000000     0.0091284614        0.0000000        0.0000000        0.0000000        0.0000000        0.0000000     0.0022574336        0.0000000        0.0000000        0.0000000        0.0000000        0.0000000     0.0058755263 


The actual and adjusted values for dependent variable are

       1964.0000    -0.0020000000    -0.0020000000     0.0080000000     0.0040000000     0.0010000000     0.0058026518    -0.0086212559     0.0062402942    -0.0023482699    0.00010570141 
       1965.0000    -0.0020000000     0.0020000000    -0.0020000000      0.010000000        0.0000000     0.0010141180    -0.0083967758     0.0015332430    0.00070085395     -0.018511316 
       1966.0000     0.0010000000     0.0020000000    -0.0040000000     0.0040000000        0.0000000     0.0065968905    -0.0014611493    0.00016427644     0.0048026204   -0.00094861811 
       1967.0000     0.0040000000     0.0040000000     0.0080000000    -0.0040000000        0.0000000    -0.0095962110    -0.0030768969     0.0053207541    0.00010127207     0.0018915447 
       1968.0000     0.0030000000     0.0020000000        0.0000000     0.0030000000     0.0010000000    -0.0038539313    -0.0028563969     0.0051322277    -0.0044096956   -0.00025901880 
       1969.0000    -0.0030000000    -0.0040000000    -0.0050000000        0.0000000        0.0000000     0.0037119849    -0.0025350739     0.0027702387   -2.6482993e-05     0.0025216916 
       1970.0000     0.0080000000     -0.010000000     0.0010000000    -0.0020000000        0.0000000     0.0051141710    -0.0014773957     0.0072572496   -0.00055276280    -0.0057461275 
       1971.0000    -0.0030000000     -0.011000000     0.0080000000        0.0000000    -0.0010000000     0.0035597585    -0.0074930479     0.0085327721    0.00074460371     -0.011196727 
       1972.0000     0.0070000000     -0.010000000    -0.0050000000     0.0090000000        0.0000000    -0.0024157295     -0.012705945     0.0054383628    0.00082444366    -0.0055863027 
       1973.0000    -0.0050000000    -0.0010000000    -0.0030000000    -0.0010000000     0.0010000000     0.0049358273    -0.0067365746     0.0043854525     0.0034298216     0.0023660768 
       1974.0000    -0.0040000000     0.0010000000     0.0050000000    -0.0090000000    -0.0090000000     0.0024836690     0.0064465239     0.0053393814    -0.0022181290     0.0053129941 
       1975.0000      0.021000000     0.0020000000      0.014000000     0.0050000000      0.027000000   -0.00073448318     -0.010338977      0.011930779     0.0049343200      0.012484730 
       1976.0000      0.019000000    -0.0040000000     0.0040000000     0.0070000000      0.018000000     0.0087815615     0.0015666015      0.011021670   -0.00094940054     0.0036275418 
       1977.0000    -0.0010000000    -0.0020000000     0.0040000000     0.0050000000      0.010000000    -0.0037255230   -0.00043344597      0.010935707   -0.00011362544    -0.0049531116 
       1978.0000    -0.0070000000     0.0010000000      0.018000000        0.0000000     0.0050000000   -0.00071256500    -0.0058026161      0.011347738     0.0017849917    -0.0047658105 
       1979.0000     -0.012000000     0.0010000000      0.017000000     0.0050000000    -0.0010000000     0.0037430541    0.00012138375      0.012471249    -0.0010022526    -0.0067626169 
       1980.0000     0.0020000000     0.0080000000      0.029000000    -0.0010000000    -0.0040000000     0.0018731962    0.00030971250      0.011806730    0.00070074047    -0.0035967956 
       1981.0000      0.028000000      0.013000000      0.029000000     0.0030000000    -0.0040000000     0.0022445302     0.0021365213      0.012583576     0.0014900145     0.0026388216 
       1982.0000      0.017000000      0.018000000      0.020000000     0.0060000000    -0.0020000000     0.0078582027     0.0024372830      0.010386487     0.0016772187     0.0029065810 
       1983.0000      0.014000000      0.013000000     -0.019000000    -0.0050000000      0.016000000     0.0098272367     0.0026768512     0.0074667172     0.0013987745     0.0045816088 
       1984.0000      0.016000000     0.0010000000      0.020000000     0.0040000000      0.014000000     0.0048457571    -0.0030769104     0.0060893582    -0.0014456552     0.0080768307 
       1985.0000      0.013000000    -0.0020000000      0.011000000     0.0030000000     0.0020000000     0.0084015104    -0.0025298659     0.0035139575    0.00012967466     0.0024768053 
       1986.0000        0.0000000    -0.0040000000    -0.0040000000     0.0070000000    -0.0030000000     0.0092269935    0.00012304995    -0.0011450168    0.00067149159    -0.0060726556 
       1987.0000    -0.0020000000     0.0010000000      0.023000000     0.0070000000     -0.015000000     0.0018936397     0.0040704086     -0.011110947     0.0019359501     -0.025424608 
       1988.0000    -0.0040000000     0.0010000000     -0.010000000     0.0010000000     -0.013000000     0.0027093653    -0.0053351125    -0.0041962554     0.0027073124     -0.013224193 
       1989.0000     -0.015000000    -0.0010000000     -0.022000000        0.0000000    -0.0070000000    -0.0025775460   -0.00074027059    -0.0048394252    0.00034470594     -0.012283661 
       1990.0000     -0.013000000    -0.0030000000     -0.010000000    -0.0080000000    -0.0040000000    -0.0072953357    0.00076206623    -0.0010185450    0.00053776224     -0.010804791 
       1991.0000      0.013000000     0.0070000000        0.0000000    -0.0040000000    -0.0060000000     0.0053121406    -0.0023272047     0.0044857692   -0.00023016779    0.00085847132 
       1992.0000     0.0070000000     0.0080000000      0.015000000     0.0030000000        0.0000000     0.0021809702    0.00057244048      0.010043607    0.00059750187     0.0020471145 
       1993.0000     0.0010000000     0.0090000000      0.056000000      0.013000000     0.0070000000     0.0043121952     0.0015959917      0.014646401     0.0027518043     0.0075433550 
       1994.0000     -0.013000000     0.0030000000      0.015000000     0.0080000000      0.013000000    -0.0047282401    -0.0014418384     0.0042619332    -0.0019015312     0.0051069801 
       1995.0000     -0.021000000     0.0030000000     -0.012000000     0.0050000000     0.0040000000     -0.017223744   -0.00053516515    0.00028362900   -0.00053532655     0.0030819197 
       1996.0000    -0.0050000000     0.0040000000    -0.0080000000     0.0030000000        0.0000000    -0.0068579160   -0.00087823199    -0.0029113960     0.0011505308    -0.0018284192 
       1997.0000     -0.017000000     0.0040000000     -0.015000000        0.0000000    -0.0050000000     -0.016115095   -0.00083572479     -0.011379492    0.00091685404    -0.0070821889 
       1998.0000     -0.021000000      0.010000000     -0.020000000     0.0020000000     -0.018000000    -0.0081307004    0.00038117190     -0.016243169    0.00011421510    -0.0098400961 
       1999.0000     -0.019000000     0.0090000000     -0.029000000    -0.0050000000    -0.0050000000     -0.017219917     0.0011827727     -0.015104954    0.00025402596    -0.0071892975 
       2000.0000     -0.014000000    -0.0070000000     -0.018000000    -0.0080000000    -0.0050000000     -0.010631845     0.0013526105     -0.016242110    -0.0041032964    -0.0038327004 
       2001.0000    -0.0030000000    -0.0060000000     -0.033000000     -0.010000000        0.0000000    -0.0019452009    -0.0014614550    -0.0051851000    -0.0026431885     0.0017652643 
       2002.0000     0.0050000000    -0.0040000000     0.0090000000    -0.0060000000      0.010000000    -0.0037675209    -0.0027036069    0.00050590464     0.0010822856     0.0049140021 
       2003.0000     0.0010000000    -0.0060000000        0.0000000    -0.0030000000      0.013000000     0.0043845182    -0.0050082692     0.0026036391     0.0014163989     0.0079514451 
       2004.0000    -0.0010000000     0.0080000000    -0.0050000000    -0.0070000000     0.0030000000    -0.0052684984    -0.0039070024     0.0036027178   -0.00094943632     0.0032290050 
       2005.0000    -0.0010000000    -0.0060000000     -0.018000000    -0.0030000000      0.010000000    0.00053691992    0.00055541481     0.0028370450   -0.00029841357     0.0046753248 
       2006.0000     0.0020000000     -0.010000000    -0.0070000000    -0.0090000000     0.0010000000     0.0015433421    -0.0043923971    0.00075223162    -0.0022960913     0.0028766419 
       2007.0000     0.0020000000    -0.0060000000    -0.0030000000    -0.0070000000     0.0030000000     0.0016234355    -0.0021961009     0.0028790423    -0.0025149440    0.00065009431 
       2008.0000      0.018000000    -0.0060000000      0.031000000     0.0060000000    -0.0040000000      0.015904043     0.0012016861      0.010313213     0.0044707045     0.0058659657 
       2009.0000      0.058000000      0.018000000      0.066000000      0.011000000      0.019000000      0.021112165     0.0073833324      0.018870216      0.014028199      0.011682137 
       2010.0000      0.020000000      0.031000000      0.020000000     0.0060000000      0.014000000     0.0011285229      0.014386259      0.011930693   -0.00024787013     0.0035966297 
       2011.0000     0.0080000000      0.052000000      0.015000000        0.0000000      0.019000000     0.0072839957      0.035556579      0.015796531    0.00066888759     0.0091346048 
       2012.0000     0.0010000000      0.066000000      0.034000000      0.023000000      0.029000000     0.0091290818      0.030941766      0.028374640     0.0056376117      0.015631989 
       2013.0000     -0.017000000      0.030000000      0.013000000      0.015000000     0.0060000000     0.0037813579      0.015361610      0.023194478     0.0073823311      0.010744448 
       2014.0000     -0.019000000     -0.010000000     -0.016000000     0.0050000000     -0.023000000     -0.028894692    -0.0024507229   -0.00031278310     0.0017111196     0.0018011067 
       2015.0000     -0.019000000     -0.016000000     -0.024000000    -0.0080000000     -0.015000000     -0.049757308     0.0023309492     -0.027076358   -0.00095365501    -0.0063262378 
       2016.0000     -0.016000000     -0.013000000     -0.025000000    -0.0020000000     -0.014000000     0.0093029297     0.0025316445     -0.018603821    -0.0028717131    -0.0074153570 
       2017.0000     -0.017000000     -0.021000000     -0.024000000    -0.0050000000     -0.022000000     -0.012564571    -0.0030562578     -0.016630614    -0.0034226945     -0.015614349 
       2018.0000    -0.0090000000     -0.022000000     -0.019000000    -0.0060000000     -0.019000000    -0.0056593354    -0.0040672320    -0.0090619977    -0.0010712270    -0.0098849512 
       2019.0000    -0.0080000000     -0.020000000     -0.012000000    -0.0060000000    -0.0060000000   -0.00070211874    -0.0053938458    -0.0023789257    0.00090142634    -0.0063525642 
       2020.0000     0.0070000000     -0.010000000      0.014000000    -0.0080000000     0.0040000000     0.0019738273      0.031120474      0.086626448      0.025478272      0.039990576 


The estimated RESIDUALS when estimating the dependent variable are

       1964.0000    -0.0078026518     0.0066212559     0.0017597058     0.0063482699    0.00089429859     0.0058026518    -0.0086212559     0.0062402942    -0.0023482699    0.00010570141 
       1965.0000    -0.0030141180      0.010396776    -0.0035332430     0.0092991461      0.018511316     0.0010141180    -0.0083967758     0.0015332430    0.00070085395     -0.018511316 
       1966.0000    -0.0055968905     0.0034611493    -0.0041642764   -0.00080262036    0.00094861811     0.0065968905    -0.0014611493    0.00016427644     0.0048026204   -0.00094861811 
       1967.0000      0.013596211     0.0070768969     0.0026792459    -0.0041012721    -0.0018915447    -0.0095962110    -0.0030768969     0.0053207541    0.00010127207     0.0018915447 
       1968.0000     0.0068539313     0.0048563969    -0.0051322277     0.0074096956     0.0012590188    -0.0038539313    -0.0028563969     0.0051322277    -0.0044096956   -0.00025901880 
       1969.0000    -0.0067119849    -0.0014649261    -0.0077702387    2.6482993e-05    -0.0025216916     0.0037119849    -0.0025350739     0.0027702387   -2.6482993e-05     0.0025216916 
       1970.0000     0.0028858290    -0.0085226043    -0.0062572496    -0.0014472372     0.0057461275     0.0051141710    -0.0014773957     0.0072572496   -0.00055276280    -0.0057461275 
       1971.0000    -0.0065597585    -0.0035069521   -0.00053277207   -0.00074460371      0.010196727     0.0035597585    -0.0074930479     0.0085327721    0.00074460371     -0.011196727 
       1972.0000     0.0094157295     0.0027059450     -0.010438363     0.0081755563     0.0055863027    -0.0024157295     -0.012705945     0.0054383628    0.00082444366    -0.0055863027 
       1973.0000    -0.0099358273     0.0057365746    -0.0073854525    -0.0044298216    -0.0013660768     0.0049358273    -0.0067365746     0.0043854525     0.0034298216     0.0023660768 
       1974.0000    -0.0064836690    -0.0054465239   -0.00033938136    -0.0067818710     -0.014312994     0.0024836690     0.0064465239     0.0053393814    -0.0022181290     0.0053129941 
       1975.0000      0.021734483      0.012338977     0.0020692209    6.5679994e-05      0.014515270   -0.00073448318     -0.010338977      0.011930779     0.0049343200      0.012484730 
       1976.0000      0.010218438    -0.0055666015    -0.0070216696     0.0079494005      0.014372458     0.0087815615     0.0015666015      0.011021670   -0.00094940054     0.0036275418 
       1977.0000     0.0027255230    -0.0015665540    -0.0069357068     0.0051136254      0.014953112    -0.0037255230   -0.00043344597      0.010935707   -0.00011362544    -0.0049531116 
       1978.0000    -0.0062874350     0.0068026161     0.0066522619    -0.0017849917     0.0097658105   -0.00071256500    -0.0058026161      0.011347738     0.0017849917    -0.0047658105 
       1979.0000     -0.015743054    0.00087861625     0.0045287506     0.0060022526     0.0057626169     0.0037430541    0.00012138375      0.012471249    -0.0010022526    -0.0067626169 
       1980.0000    0.00012680383     0.0076902875      0.017193270    -0.0017007405   -0.00040320438     0.0018731962    0.00030971250      0.011806730    0.00070074047    -0.0035967956 
       1981.0000      0.025755470      0.010863479      0.016416424     0.0015099855    -0.0066388216     0.0022445302     0.0021365213      0.012583576     0.0014900145     0.0026388216 
       1982.0000     0.0091417973      0.015562717     0.0096135129     0.0043227813    -0.0049065810     0.0078582027     0.0024372830      0.010386487     0.0016772187     0.0029065810 
       1983.0000     0.0041727633      0.010323149     -0.026466717    -0.0063987745      0.011418391     0.0098272367     0.0026768512     0.0074667172     0.0013987745     0.0045816088 
       1984.0000      0.011154243     0.0040769104      0.013910642     0.0054456552     0.0059231693     0.0048457571    -0.0030769104     0.0060893582    -0.0014456552     0.0080768307 
       1985.0000     0.0045984896    0.00052986589     0.0074860425     0.0028703253   -0.00047680532     0.0084015104    -0.0025298659     0.0035139575    0.00012967466     0.0024768053 
       1986.0000    -0.0092269935    -0.0041230499    -0.0028549832     0.0063285084     0.0030726556     0.0092269935    0.00012304995    -0.0011450168    0.00067149159    -0.0060726556 
       1987.0000    -0.0038936397    -0.0030704086      0.034110947     0.0050640499      0.010424608     0.0018936397     0.0040704086     -0.011110947     0.0019359501     -0.025424608 
       1988.0000    -0.0067093653     0.0063351125    -0.0058037446    -0.0017073124    0.00022419258     0.0027093653    -0.0053351125    -0.0041962554     0.0027073124     -0.013224193 
       1989.0000     -0.012422454   -0.00025972941     -0.017160575   -0.00034470594     0.0052836606    -0.0025775460   -0.00074027059    -0.0048394252    0.00034470594     -0.012283661 
       1990.0000    -0.0057046643    -0.0037620662    -0.0089814550    -0.0085377622     0.0068047913    -0.0072953357    0.00076206623    -0.0010185450    0.00053776224     -0.010804791 
       1991.0000     0.0076878594     0.0093272047    -0.0044857692    -0.0037698322    -0.0068584713     0.0053121406    -0.0023272047     0.0044857692   -0.00023016779    0.00085847132 
       1992.0000     0.0048190298     0.0074275595     0.0049563926     0.0024024981    -0.0020471145     0.0021809702    0.00057244048      0.010043607    0.00059750187     0.0020471145 
       1993.0000    -0.0033121952     0.0074040083      0.041353599      0.010248196   -0.00054335497     0.0043121952     0.0015959917      0.014646401     0.0027518043     0.0075433550 
       1994.0000    -0.0082717599     0.0044418384      0.010738067     0.0099015312     0.0078930199    -0.0047282401    -0.0014418384     0.0042619332    -0.0019015312     0.0051069801 
       1995.0000    -0.0037762560     0.0035351651     -0.012283629     0.0055353266    0.00091808028     -0.017223744   -0.00053516515    0.00028362900   -0.00053532655     0.0030819197 
       1996.0000     0.0018579160     0.0048782320    -0.0050886040     0.0018494692     0.0018284192    -0.0068579160   -0.00087823199    -0.0029113960     0.0011505308    -0.0018284192 
       1997.0000   -0.00088490539     0.0048357248    -0.0036205084   -0.00091685404     0.0020821889     -0.016115095   -0.00083572479     -0.011379492    0.00091685404    -0.0070821889 
       1998.0000     -0.012869300     0.0096188281    -0.0037568310     0.0018857849    -0.0081599039    -0.0081307004    0.00038117190     -0.016243169    0.00011421510    -0.0098400961 
       1999.0000    -0.0017800833     0.0078172273     -0.013895046    -0.0052540260     0.0021892975     -0.017219917     0.0011827727     -0.015104954    0.00025402596    -0.0071892975 
       2000.0000    -0.0033681548    -0.0083526105    -0.0017578903    -0.0038967036    -0.0011672996     -0.010631845     0.0013526105     -0.016242110    -0.0041032964    -0.0038327004 
       2001.0000    -0.0010547991    -0.0045385450     -0.027814900    -0.0073568115    -0.0017652643    -0.0019452009    -0.0014614550    -0.0051851000    -0.0026431885     0.0017652643 
       2002.0000     0.0087675209    -0.0012963931     0.0084940954    -0.0070822856     0.0050859979    -0.0037675209    -0.0027036069    0.00050590464     0.0010822856     0.0049140021 
       2003.0000    -0.0033845182   -0.00099173076    -0.0026036391    -0.0044163989     0.0050485549     0.0043845182    -0.0050082692     0.0026036391     0.0014163989     0.0079514451 
       2004.0000     0.0042684984      0.011907002    -0.0086027178    -0.0060505637   -0.00022900496    -0.0052684984    -0.0039070024     0.0036027178   -0.00094943632     0.0032290050 
       2005.0000    -0.0015369199    -0.0065554148     -0.020837045    -0.0027015864     0.0053246752    0.00053691992    0.00055541481     0.0028370450   -0.00029841357     0.0046753248 
       2006.0000    0.00045665793    -0.0056076029    -0.0077522316    -0.0067039087    -0.0018766419     0.0015433421    -0.0043923971    0.00075223162    -0.0022960913     0.0028766419 
       2007.0000    0.00037656448    -0.0038038991    -0.0058790423    -0.0044850560     0.0023499057     0.0016234355    -0.0021961009     0.0028790423    -0.0025149440    0.00065009431 
       2008.0000     0.0020959567    -0.0072016861      0.020686787     0.0015292955    -0.0098659657      0.015904043     0.0012016861      0.010313213     0.0044707045     0.0058659657 
       2009.0000      0.036887835      0.010616668      0.047129784    -0.0030281994     0.0073178635      0.021112165     0.0073833324      0.018870216      0.014028199      0.011682137 
       2010.0000      0.018871477      0.016613741     0.0080693066     0.0062478701      0.010403370     0.0011285229      0.014386259      0.011930693   -0.00024787013     0.0035966297 
       2011.0000    0.00071600435      0.016443421   -0.00079653119   -0.00066888759     0.0098653952     0.0072839957      0.035556579      0.015796531    0.00066888759     0.0091346048 
       2012.0000    -0.0081290818      0.035058234     0.0056253600      0.017362388      0.013368011     0.0091290818      0.030941766      0.028374640     0.0056376117      0.015631989 
       2013.0000     -0.020781358      0.014638390     -0.010194478     0.0076176689    -0.0047444482     0.0037813579      0.015361610      0.023194478     0.0073823311      0.010744448 
       2014.0000     0.0098946920    -0.0075492771     -0.015687217     0.0032888804     -0.024801107     -0.028894692    -0.0024507229   -0.00031278310     0.0017111196     0.0018011067 
       2015.0000      0.030757308     -0.018330949     0.0030763578    -0.0070463450    -0.0086737622     -0.049757308     0.0023309492     -0.027076358   -0.00095365501    -0.0063262378 
       2016.0000     -0.025302930     -0.015531644    -0.0063961793    0.00087171315    -0.0065846430     0.0093029297     0.0025316445     -0.018603821    -0.0028717131    -0.0074153570 
       2017.0000    -0.0044354287     -0.017943742    -0.0073693860    -0.0015773055    -0.0063856513     -0.012564571    -0.0030562578     -0.016630614    -0.0034226945     -0.015614349 
       2018.0000    -0.0033406646     -0.017932768    -0.0099380023    -0.0049287730    -0.0091150488    -0.0056593354    -0.0040672320    -0.0090619977    -0.0010712270    -0.0098849512 
       2019.0000    -0.0072978813     -0.014606154    -0.0096210743    -0.0069014263    0.00035256418   -0.00070211874    -0.0053938458    -0.0023789257    0.00090142634    -0.0063525642 
       2020.0000     0.0050261727     -0.041120474     -0.072626448     -0.033478272     -0.035990576     0.0019738273      0.031120474      0.086626448      0.025478272      0.039990576 
       0.0000000 
       0.0000000 
       0.0000000 
       0.0000000 
       0.0000000 
Estimated Hyperparameters:
       0.0000000 
       0.0000000 
       0.0000000 
       0.0000000 
       0.0000000 
       0.0000000 
       0.0000000 
       0.0000000 
       0.0000000 
       0.0000000 
       0.0000000 
       0.0000000 
       0.0000000 
       0.0000000 
       0.0000000 
       0.0000000 
       0.0000000 
       0.0000000 
       0.0000000 
       0.0000000 
       0.0000000 
       0.0000000 
       0.0000000 
       0.0000000 
       0.0000000 
Using both Fixed and varying parameter? (y or n)?Number of fixed component varying parameters? (number)?Idiosyncratic fixed component for varying parameters? (y or n))?Using trend or interactive parameter? (y or n)?       0.0000000 
Plot graphs? (y or n)?Using Gauss 12 or above? (y or n)?       0.0000000 
       0.0000000 
       0.0000000 
       0.0000000 
       0.0000000 
